sigmoid
0.001
2
ARMA_MAT_TXT_FN008
64 10
   5.315433080542e-03  -3.645847666000e-03   3.902670037858e-03   3.872020255569e-03   3.605146024571e-03   5.283337543647e-03  -4.517454383234e-03   5.132185945174e-04   8.037957999582e-04   2.035049326007e-03
  -1.050818341317e-02  -1.326630140986e-02  -2.039353486781e-04  -2.892826048960e-03  -4.496321079042e-03   1.233452277656e-02  -7.808895934652e-03  -2.107896331218e-02  -9.059317419031e-03  -5.869794863347e-03
  -2.707568347207e-02  -5.101949764295e-02   1.603021272782e-02  -4.506250030187e-02  -5.589397707088e-02   8.299592635540e-02  -8.599879610755e-02  -1.321435106757e-02  -5.650157426284e-02  -3.072497285508e-02
   1.420474746565e-02  -1.037681410186e-02  -2.333655752016e-02  -8.430490590657e-03  -1.057139491159e-01  -2.880119590590e-02  -4.129999996670e-02   1.340906152436e-02  -9.308172848825e-02  -5.533707406208e-03
  -4.354390765420e-02  -1.830498445010e-01  -1.676779073634e-02   8.312367855682e-02  -3.270312042329e-02   1.975785415844e-02  -2.771479607038e-02   2.462978713702e-02  -4.945583504889e-02  -6.791901976179e-02
  -8.903075957051e-02   4.501459572909e-02  -6.181139327480e-02   2.655552174863e-02  -1.098240836500e-01   9.912526115406e-02  -4.719187477147e-02   4.665523591674e-02  -6.020610239348e-02  -1.139148991251e-01
  -3.689821481827e-02  -2.254384308248e-02  -3.081298777453e-02  -1.214804880391e-02  -6.076820857755e-02   6.637227134183e-02  -1.934338261419e-02   7.038983814137e-02  -9.502830281707e-02  -1.541930053954e-02
  -1.483589342201e-04  -1.416730732229e-02   9.493636501594e-04  -4.571276876842e-03   1.061793032996e-03  -1.942005835321e-02   1.672121177641e-03   3.797089636190e-02  -1.310506842487e-02  -1.980194440883e-02
  -3.519371549280e-03  -1.222368378139e-03  -6.263192629894e-03   6.257814979294e-03   4.835841652029e-04  -2.451759964132e-03   4.768451680976e-03  -3.800822201188e-03   6.898485515964e-03   5.618721410540e-03
  -3.361251229617e-02  -8.948193870969e-02   2.901357146651e-02  -5.740237339549e-03  -1.268819735864e-02   8.973333888616e-03  -6.102251885746e-02  -2.028102502884e-02  -3.825520729446e-03  -1.816866984437e-03
   3.651948038986e-03  -1.417316332742e-01   4.120520699199e-02   3.944075371954e-02  -7.692238775162e-02   4.364279145242e-02  -5.148159429513e-02   2.081768820124e-02   4.258955134240e-02   5.578980092664e-02
   2.257152472168e-02  -4.303570264278e-02  -2.364100215019e-02  -1.758943916186e-02  -4.981082273204e-02  -1.125703195171e-02  -3.564679665253e-02   1.619270945077e-02  -3.159041233298e-02   1.041965256689e-02
   4.260607928110e-02   1.748349226580e-02   4.629749464236e-02   1.487042734785e-02  -8.733294362349e-02  -9.845137342439e-03  -7.293314363382e-02   1.179118659792e-01  -1.127846522965e-01  -3.177427155024e-02
   6.843651801463e-02   5.641395269911e-02  -2.455231305156e-02   6.476397795286e-02  -1.089307969194e-01  -6.470049604618e-02  -7.332475246632e-02   2.472184771600e-02   7.117424196698e-02   2.111988453889e-02
  -1.173481883248e-02  -6.854082899203e-02  -1.249417812429e-02   4.089263670125e-02  -4.096160116364e-02  -1.386416268955e-02  -1.229938115825e-02   4.153105908934e-03   6.747095920318e-03   3.166892103265e-02
   2.215005361760e-03  -8.574230868255e-03  -6.981667489498e-04  -3.731208459469e-03  -3.097854639557e-03  -1.419809973000e-02  -2.404785103775e-03   3.314050193988e-02  -3.994215082575e-04  -2.461822565294e-02
   2.039013971333e-03   5.696657951629e-03  -5.139559606208e-03   6.044236390270e-03   1.114583314829e-03  -2.783492821279e-03  -6.167463735888e-03   2.260826334449e-03   3.733699299567e-03   5.382685480715e-03
   8.541705641113e-03  -4.028041902456e-03   2.331427424545e-03  -2.549449246433e-02   1.328423698832e-02   3.821013181551e-03  -5.058491476044e-02  -5.874874899933e-02   5.006360391395e-02   5.177708448036e-03
   3.719381971594e-02  -2.574735436056e-03  -4.743169442934e-03  -1.439473450886e-01   1.495337287117e-02   7.343639021340e-02   3.119702518302e-02  -9.861868973295e-02   6.334484697285e-02   7.534693577284e-02
  -1.232519204181e-02   1.779373927233e-01  -6.877442215174e-02  -1.173752934125e-01   4.277999407081e-02  -1.708597305475e-02  -1.632738986455e-02  -8.936822984905e-02   7.699195099107e-03  -3.166808696476e-02
  -8.560827508189e-02   1.499065858734e-01   3.707215898992e-02   7.540761518860e-02  -9.504321730992e-03  -1.427932103771e-01  -1.051927936807e-01  -6.291029184964e-03  -8.017927095973e-02  -9.725430234509e-03
   9.629888753714e-02  -5.630902608080e-02   1.419717118692e-02  -5.441690990609e-02  -5.039444790131e-03  -2.351221950311e-01  -1.597321098874e-01  -7.947686795120e-03   8.540378819039e-02   2.017183472739e-01
   8.063543017045e-04  -3.363750477865e-02   2.019299748853e-02  -1.739165767780e-02   2.411534136730e-02  -1.341714692839e-01  -4.311889987781e-02   2.878437850500e-02   2.568024047434e-02   2.906593816665e-02
   3.070518491353e-03   3.852845308257e-03   3.988294783124e-03  -7.068279849931e-03   2.550043400102e-03  -1.529674473123e-03   4.439282007311e-03   1.437746306608e-03   2.626537777527e-03  -2.185027638574e-02
  -5.397181215126e-03  -1.035234914514e-03  -6.378167971449e-03  -2.676408459930e-03   8.341002397132e-03  -2.929174426351e-03  -4.732331329423e-04  -2.161729479569e-03   5.118220522125e-03   4.064602392509e-03
   3.026704853616e-02   2.307985549226e-03  -5.864540409524e-02  -5.354492651697e-02   4.953418430129e-02   3.405050776842e-02  -2.203519745026e-02  -8.168067488649e-02  -6.926108039069e-02  -5.659761363268e-02
   9.469816126713e-03   1.784082613200e-02  -1.723246633577e-01  -1.710046341804e-01   7.111956219998e-02   7.771263286545e-02   1.803353465554e-02  -6.361981678756e-02  -4.443386861394e-02   3.010653953185e-02
  -9.222326715257e-02   6.906931564574e-02  -1.684820795456e-01  -5.098176509718e-03  -4.312008869002e-02   3.687908009383e-02  -3.821672928007e-04  -8.890528570495e-02   1.226044540758e-01   8.040194518862e-02
  -1.670483966859e-01  -2.123208737320e-02  -6.129547099542e-02   1.122070291380e-02  -1.647123535191e-02   4.429752576213e-02  -3.290457436014e-02  -3.409366648030e-02  -1.277191287487e-04   3.879445564666e-02
   5.235165279354e-03   5.673771262730e-03   2.549772058125e-02  -1.528820303503e-01   3.003406444419e-02  -4.375068352049e-02  -6.220134194282e-02   6.342701400199e-02  -1.573520674057e-02   1.369432134495e-01
   2.443449618243e-02  -6.873013393835e-02  -3.237183855231e-02  -1.018270694071e-01   1.040559171187e-01  -9.006015215839e-02  -1.015931279390e-01   3.401131605371e-02  -9.462734195457e-02   6.206479860795e-05
   4.961060880421e-03   6.603304054899e-03   4.992843718633e-03   7.361268756225e-03   8.149878020996e-03  -3.711040614009e-03   5.021507165886e-03   1.751444348958e-03  -5.861937859462e-03  -6.844631480674e-03
   1.759997384307e-03  -1.586927083565e-03   1.145603568681e-03  -3.436843542440e-03   4.138616173913e-03   2.480416163298e-03  -6.717340561808e-03  -4.880993560163e-03   1.234711021090e-03  -3.443612551349e-04
   3.811483178255e-02  -5.772397061295e-02  -5.615116440637e-02  -2.856731566552e-02   9.242709518029e-02  -9.331788421013e-03  -1.807331841065e-02  -3.050038146084e-02  -1.038898507901e-01  -1.239674154845e-01
   5.369433681976e-02  -2.622269790180e-02  -1.434196111188e-01  -7.555572450484e-02   5.915101024679e-02   3.807925119821e-02   6.302759883682e-02   1.148776233168e-02  -8.337805407982e-02  -7.410374374396e-02
  -8.574369532491e-02  -2.455867993136e-02  -4.400345670411e-02  -4.858181928420e-02  -2.383641600727e-02  -4.306355752856e-02   4.973133191755e-02   1.649460442112e-02   1.199162983993e-01   8.068012961168e-02
  -1.586024725520e-01  -2.220447967598e-02  -5.932687060400e-02   6.894963633802e-02   2.441017316030e-02  -4.169517795726e-02   1.589684666182e-03   2.791234925572e-02   2.523162982460e-02  -1.435309836697e-01
  -4.196903454155e-02  -6.676587409273e-02  -1.159351464766e-01   7.078158560204e-03   4.640430324462e-02  -1.346881447760e-02  -6.940128418881e-03   8.242611212316e-02  -1.181047802098e-01  -5.311858588053e-02
   1.980117487082e-02  -1.063837042119e-01  -9.109571297548e-02  -2.750148445417e-02   5.730838012488e-02   2.179883888493e-03  -3.833427885606e-02   5.858829077561e-02  -1.377340636429e-01   3.919342935504e-03
   4.239964028030e-03   6.564503964329e-03  -5.852055065585e-03  -7.669131558875e-04   6.504264252117e-03  -4.564943889215e-03  -3.268302146965e-03  -3.725463726284e-03  -1.592187218935e-04  -6.097223616163e-03
  -6.989830839727e-04  -6.058243864653e-03   7.741121425814e-03  -2.578290908610e-03   7.033089704385e-03   7.934277954535e-04  -3.627740436140e-03   2.271440002599e-03   6.969001587927e-05  -1.995500523462e-03
  -1.233445136105e-02  -9.738423523179e-02  -8.417814164159e-04   1.152434953847e-02   8.932221178504e-02  -4.848157070534e-02  -6.188040998619e-02  -1.948131062280e-02  -3.357822542209e-02  -3.230928997053e-02
   8.397584189855e-02  -5.636660911766e-02   2.284138485126e-02  -7.151322170313e-02   2.861944747790e-02  -1.254854832716e-01   1.011380428764e-01  -6.546603105339e-03   1.341987488590e-01  -1.904364416432e-01
  -9.268812886093e-02   5.707870831897e-03   1.225171900765e-01  -1.971705332572e-01   7.226503038668e-02  -7.846767380650e-02   4.168612756759e-02   4.571568551198e-02   3.344236231004e-04  -2.022169866698e-01
  -1.141618877135e-01   2.109491118770e-02  -8.356127567472e-02  -1.643735017802e-02   8.435805381117e-02  -5.238161517331e-02  -7.036889779965e-02   8.126539061579e-03  -3.276769841882e-03  -1.386846386753e-01
  -8.159831635089e-03  -1.106013894858e-01  -1.407133006339e-01   1.050334571358e-01   1.964128521582e-02   1.956988378191e-02   1.621130642946e-02  -2.493473437759e-02   5.629047395588e-02  -4.133624774013e-02
   8.537030377344e-03  -1.185556519479e-01  -9.681400265668e-02   1.058762908988e-01  -2.167010888050e-02   4.059956159888e-03   7.600896615764e-02  -7.608411413936e-03  -6.880427805344e-02  -2.704410027482e-02
   6.176997717608e-03  -5.741023263088e-03  -2.907446456121e-03  -5.279352853659e-03   5.125942936697e-03   1.891883249525e-03   9.291559193276e-03  -3.043313380805e-03  -1.864491634796e-03   1.214146969458e-03
  -9.381294478307e-03  -1.588026045094e-03  -4.301175049242e-03   2.729366899935e-03   3.011642990976e-03   7.564205150647e-03   1.037056331884e-03   5.999218647857e-03  -4.298832038273e-03   9.826078119245e-04
  -2.293377229478e-02  -4.008042392912e-02   4.389980523671e-02   5.566960074434e-03   4.251450021414e-02  -8.867402410532e-03  -2.853826992841e-02  -2.054395900148e-02  -1.775726977190e-02   1.144159837271e-02
   2.534929387757e-02  -4.351670021738e-02   2.163208753146e-02   3.569973815712e-03  -6.339433630598e-02  -2.617343371408e-02   3.364728403019e-02  -3.594532970983e-02   8.100823076626e-02  -3.221268316494e-02
  -5.414771618625e-03   3.311686472662e-02   1.057589131328e-01  -5.413026195329e-02  -2.569610179311e-02  -3.455737997588e-02   7.009773518900e-02   1.076918644072e-02  -1.251018658546e-01  -5.007803262284e-02
   2.533950304823e-02   4.339041706646e-02   8.007026523067e-02   3.549427549275e-03   3.398902852047e-02  -1.176632752955e-04  -1.006093840619e-01  -1.482187370756e-01  -8.540134407943e-02  -5.148380898404e-02
   1.769615850847e-02  -6.466675780678e-03   6.577091366305e-02  -5.399593944639e-03  -8.634835098505e-02  -2.770025011845e-02   6.678893439995e-02  -1.585430972206e-01   2.588257178513e-02  -6.266937083876e-02
  -4.857590947048e-02  -7.640897658416e-02   4.994124947062e-02   4.405824105643e-02  -8.374828803104e-02  -4.751697965954e-02   5.208571075085e-02  -2.949131050738e-02  -3.630433156975e-02   1.258577495876e-02
  -8.581143559261e-03   3.947576675667e-02   6.609357103612e-03  -2.374640924888e-02   1.564964838010e-03  -1.012493130385e-03  -2.335540480921e-02  -6.656782928000e-03  -6.613360344133e-03   8.384074271859e-03
  -6.812026993218e-03  -6.435659354898e-03   3.253680571995e-03  -1.344374873761e-03  -6.566395759666e-05  -3.223864142514e-03   4.410099632351e-03  -1.649975056811e-03  -4.456289181938e-04   6.049271837264e-03
  -1.618403173746e-02  -1.943385072801e-02   3.779824268625e-03  -3.076440203139e-03  -5.000018152579e-03   4.888547402938e-03  -2.321050893795e-03  -2.062714573034e-02  -4.143274523858e-03  -3.360777299682e-03
  -4.581331979530e-02  -9.010530901999e-02   2.445653069412e-02   8.640383952855e-03  -6.304555481780e-02   9.108978303520e-02  -8.604381436302e-02  -4.297233339335e-03  -1.226840219550e-01  -5.766463957082e-02
   8.900223652931e-03  -3.368736628896e-02  -1.328510190278e-02  -7.850592065992e-03  -7.141394082622e-02   2.550301000236e-02  -5.889599428668e-02  -5.015043878386e-02   4.760919155616e-03  -5.553300400043e-02
  -6.568270062405e-02  -1.117951503289e-02  -2.173230865632e-02   1.955226876639e-02  -3.782754992989e-02  -4.131202351374e-02  -5.108581794814e-02  -1.572892639124e-01   1.956175687635e-02   1.168245086093e-02
  -5.671920913099e-02   5.674998322342e-02   7.398994870531e-02  -1.284569204233e-02  -1.049529938658e-01  -7.460746153102e-02   6.895185114142e-02  -1.140326854977e-01  -1.129932293689e-01  -5.404247949279e-02
  -3.290209098856e-02  -1.867071651351e-02   9.496503741685e-02  -4.761784623179e-02  -3.234249595136e-02  -4.385871440481e-02  -2.830953504847e-02  -3.823365894606e-02  -6.872816071459e-02  -9.319508644956e-03
  -1.985506856848e-03   4.003479872751e-02   2.144924228088e-02  -4.374231018591e-02  -2.328695706171e-03  -1.997750920678e-02  -3.167748222003e-02   3.250389238472e-03  -1.354957850009e-02  -3.914569184438e-03
